time,x,y,z,phi,theta,psi,x_velocity,y_velocity,z_velocity,phi_velocity,theta_velocity,psi_velocity,rotor_speed1,rotor_speed2,rotor_speed3,rotor_speed4
0.06,-8.33950207192e-07,2.06059246158e-07,10.0027555881,0.000209777081083,0.000641575127252,0.0,-6.59502905398e-05,1.82328179671e-05,0.0918492460937,0.0097044502908,0.0263103550991,0.0,433.8946233779751,436.0973937195209,433.20635413094334,434.02139206733887
0.12000000000000001,-2.68225807551e-05,8.94595922819e-06,10.0142828747,0.000914292570156,0.00210871160635,0.0,-0.000978668836549,0.000348630830381,0.29236282542,0.0155336769544,0.0204504328905,0.0,467.68031260296374,467.22380487804014,467.7758105682872,468.2293169397578
0.18,-0.000136823381183,5.36653229892e-05,10.0360376874,0.00188195381795,0.00352206765438,0.0,-0.00283117233907,0.00124456981902,0.432753748,0.0172899452547,0.0291374070123,0.0,449.1418235709755,449.8457468104708,449.72363892178583,449.8657526614687
0.23999999999999996,-0.000388732178497,0.000172523905149,10.0656940401,0.00269253582058,0.00516730795596,0.0,-0.0057447001232,0.00281608528241,0.55573803273,0.00460945915341,0.0237454708596,0.0,444.90667902880904,444.4652470592332,444.5366868646363,443.4964484909903
0.3,-0.000860963098956,0.000406088699849,10.104831181,0.0031934983169,0.00612337619907,0.0,-0.0101434083782,0.00501514741388,0.74872551075,0.0149400298571,-0.00818151388139,0.0,467.5645492982562,465.07087300514127,464.9222586585327,465.7307256443613
0.36000000000000004,-0.00162402933473,0.000792628442811,10.1575161682,0.00428562400065,0.00504430337323,0.0,-0.0152202890538,0.00799447937499,1.00724905053,0.0240363283387,-0.0597296096763,0.0,486.96459289350946,483.09349759499884,485.0318122074453,485.71429697611217
0.4200000000000001,-0.00263135416971,0.00137008853352,10.2217936658,0.00554706162484,0.00129159504077,0.0,-0.0179681049803,0.0113979953429,1.13521637387,0.0141922871221,-0.0688694964684,0.0,446.50372701616703,445.75469402990825,447.71363105599823,446.91207313591553
0.48000000000000015,-0.00372120179473,0.00218166756148,10.2946308151,0.00641721185158,6.28029148038,0.0,-0.0179006991865,0.0157488071294,1.29252329206,0.0151158079967,-0.0715929509863,0.0,456.91450806669593,456.69379390587346,455.18434674489504,455.2581249736009
0.5400000000000001,-0.00471629639885,0.00326888481181,10.3761211562,0.00740357483006,6.2765350659,0.0,-0.0148450824143,0.0205917803747,1.42366469979,0.018963052589,-0.0489242853323,0.0,447.0986352606772,448.9385517918113,448.49697691847115,448.80921858796813
0.6000000000000002,-0.00548915534094,0.00462904910708,10.4602593634,0.00847650240502,6.27329253427,0.0,-0.0106688389568,0.0248368864917,1.38099244751,0.0156277364667,-0.0669941193008,0.0,392.1609015211577,390.4764654485646,391.10567061364793,390.7949096210928
0.6600000000000003,-0.00585697569841,0.00634066372916,10.5510578487,0.00903695268813,6.26921483862,0.0,-0.00108419841003,0.0323143017868,1.64527518426,-0.00781188309273,-0.0699693025721,0.0,488.0380240439178,487.8129024868519,489.1511967432646,487.402632725734
0.7200000000000003,-0.0056197961897,0.00846286245123,10.6526086249,0.00824821190765,6.2646396948,0.0,0.00942726579784,0.0383637546595,1.73960540205,-0.0268254704895,-0.093374041704,0.0,438.9775009025427,437.0262207197134,438.3822345739102,436.7996685218258
0.7800000000000004,-0.00456900023387,0.0109615500422,10.7641035187,0.0063661675243,6.25911178126,0.0,0.0262720254217,0.0447117364237,1.9765000188,-0.0424955891816,-0.0897582866194,0.0,481.39007452371925,481.65713963133055,481.61753237026204,480.43065537020203
0.8400000000000004,-0.00255848194651,0.0137462729394,10.8823562807,0.00345813305306,6.2538913283,0.0,0.0411989494764,0.0478822815754,1.96526732911,-0.0644058057481,-0.0820099494942,0.0,403.54638584626133,404.2380372922619,405.333632170962,403.3580045606865
0.9000000000000005,0.000526335281743,0.0166748528302,11.0028998723,6.28234597812,6.24899709386,0.0,0.0621150508509,0.049334516422,2.05268445576,-0.0927419037603,-0.0807065333426,0.0,436.0769426882753,436.18027506787786,438.59182382613557,436.22775493704916
0.9600000000000005,0.00506915683737,0.0195913115884,11.131646548,6.27670272324,6.24397272838,0.0,0.0898650198952,0.0472387597752,2.23850358541,-0.0968151823851,-0.0906198382151,0.0,467.7800275619999,467.0020628996529,467.66336448002545,467.3389710918324
1.0200000000000005,0.0113849496474,0.0222522741784,11.2712663191,6.27120606905,6.23883333031,0.0,0.121244538531,0.0408240019581,2.41510137923,-0.0828372899156,-0.0772302424031,0.0,464.5768068380081,465.61966677159955,465.2922682060468,466.3785019737132
1.0800000000000005,0.0197351479886,0.0243949817806,11.4222847187,6.26632689651,6.23408702729,0.0,0.157624739626,0.0300283170562,2.61836668585,-0.0784465427031,-0.0831436705479,0.0,473.8792855692391,473.4199166294934,474.55222892777215,474.88423954276993
1.1400000000000006,0.0303921468991,0.0257716061772,11.5856956433,6.26118160221,6.22946684362,0.0,0.198148760505,0.0152944016516,2.828126078,-0.107292473089,-0.0669213228663,0.0,476.09371784428504,477.328903326892,478.53717986888535,476.33045583710793
1.2000000000000006,0.0434522097579,0.0261908381939,11.7592024124,6.25481772208,6.22517704954,0.0,0.237606454522,-0.00199013693568,2.9550677551,-0.103717590254,-0.0827217057667,0.0,454.6748264864475,453.40326956161425,452.48705780515166,452.76512227652915
1.2600000000000007,0.0586519932988,0.0255989150573,11.9348388889,6.24845832001,6.22045422636,0.0,0.269442446805,-0.0182406760099,2.89958027624,-0.110968944284,-0.0717123431205,0.0,393.8768256796602,394.8878440543897,393.9369876400376,393.2543981691336
1.3200000000000007,0.0759934864033,0.0238394048782,12.1096339411,6.24145773943,6.21690462898,0.0,0.308952901868,-0.0410257388375,2.9267987294,-0.131637962327,-0.0416137845465,0.0,420.27463994369043,422.8723614599417,423.53274483209844,421.73797330660636
1.3800000000000008,0.096098842408,0.0203643704081,12.2910328734,6.23368386212,6.21398565072,0.0,0.361495762199,-0.0756912637915,3.11925549179,-0.125714517535,-0.0689355246512,0.0,474.78458586762986,472.6822257869558,473.96851173658695,474.40930039190243
1.4400000000000008,0.11930933574,0.0147179814427,12.4822152319,6.22611975668,6.20982248984,0.0,0.412603002044,-0.113308162146,3.25303066124,-0.126785052658,-0.0703020797236,0.0,457.7418418813039,457.6295745901762,457.42802675617907,457.32878384873635
1.5000000000000009,0.145814871935,0.00654205375827,12.6832667271,6.21856394285,6.20554740916,0.0,0.471362415409,-0.160065301636,3.44800908154,-0.124274813815,-0.0732197699763,0.0,476.8530998465988,476.62663589934164,476.8646350111652,477.0430964983754
1.560000000000001,0.175891672009,-0.00456972066808,12.8952986754,6.21095184693,6.20132978172,0.0,0.531636231481,-0.21113456465,3.6190764363,-0.132631323885,-0.0650068438375,0.0,470.6927137913877,471.32440819621763,471.6248129860348,470.9651890504066
1.620000000000001,0.209479540403,-0.0187442472297,13.1151926132,6.20342903079,6.1984730133,0.0,0.588257389391,-0.262100008829,3.71031658378,-0.113835224452,-0.025705821025,0.0,447.2314775136844,450.419487096338,446.610246796556,448.12633010041856
1.680000000000001,0.246711042616,-0.0363123194815,13.3428386627,6.19629336365,6.19686725766,0.0,0.652914143239,-0.32423133069,3.87722049031,-0.131786765203,-0.0289643141113,0.0,472.5803693727527,472.32900983552673,472.34568695743667,470.9471129604476
1.740000000000001,0.287724377355,-0.0576388076896,13.5789522698,6.18829819227,6.19552299045,0.0,0.714311931982,-0.387440499868,3.99271019876,-0.13635566406,-0.0117542370067,0.0,457.487820188644,458.85613532094675,457.7564181499687,457.37686015494234
1.8000000000000012,0.332179315398,-0.0826366529009,13.8189707266,6.18036581,6.19485428592,0.0,0.767565747353,-0.446531343388,4.00773912421,-0.124992136983,-0.00995377691131,0.0,426.3989839170532,426.55289985700284,427.02515419624245,427.9765748950844
1.8600000000000012,0.379809067385,-0.11128548197,14.0595308299,6.17269336787,6.19416431289,0.0,0.820136239004,-0.509088438714,4.01080383551,-0.13436303864,-0.0147856122552,0.0,424.07551810499154,423.66035141747733,423.32408635837936,422.50094674861793
1.9200000000000013,0.430886793009,-0.144178507817,14.3034022688,6.16406510308,6.19376063031,0.0,0.882469433566,-0.588138661625,4.11770881615,-0.180023221988,0.00584171555741,0.0,456.7465048910249,458.38884707671275,458.25186571320637,454.58690118377456
1.9800000000000013,0.485910860665,-0.182281175847,14.55592579,6.15295026054,6.19399816734,0.0,0.951554687416,-0.683107549536,4.29885777962,-0.198530840866,-0.00010114893656,0.0,481.33490574189995,480.8848426143232,480.6555998326331,479.21992550326866
2.0400000000000014,0.5450452637,-0.226301744266,14.8189697114,6.14074935085,6.19388817251,0.0,1.01952065331,-0.78549874957,4.46835993873,-0.21531097458,-0.00554467344634,0.0,479.78891144864866,479.3754513104456,478.87172033843103,477.5557279745924
2.1000000000000014,0.607988838342,-0.276312582503,15.0891598924,6.12748251263,6.19318880987,0.0,1.07860029545,-0.882749177664,4.53742881393,-0.236399421982,-0.028128818406,0.0,451.717794709093,449.8927867579597,450.3334321415361,448.5756674244986
2.1600000000000015,0.674540312049,-0.332504884713,15.3639615511,6.11418629549,6.19160314694,0.0,1.13989449027,-0.991615540621,4.62194635384,-0.201947228483,-0.0232262616095,0.0,456.62188254002524,457.0127283798363,454.2324329012955,456.93848513939895
2.2200000000000015,0.744850588338,-0.395589715047,15.6443569549,6.10195876319,6.19090917315,0.0,1.20381862347,-1.11236455732,4.72379998685,-0.207756738241,0.0050774857062,0.0,462.81089840654823,465.0336043768589,462.3114005810596,461.81429027622954
2.2800000000000016,0.819025558444,-0.466220688704,15.9310645909,6.0894227967,6.19119983317,0.0,1.26857670629,-1.24318606909,4.83228786987,-0.211390608574,0.00437387895658,0.0,466.16987044394295,466.1147913457325,467.29463800345405,466.97058011792336
2.3400000000000016,0.896703748829,-0.544177126707,16.220265045,6.07630945982,6.19110436275,0.0,1.32066593374,-1.35643461499,4.80748465915,-0.239378079499,-0.0175145998207,0.0,425.662081097937,423.7845272890155,427.730636837918,425.2893841732776
2.4000000000000017,0.977594959901,-0.629347887623,16.5088320577,6.06243035139,6.19016353256,0.0,1.37576386618,-1.48379387397,4.81096386212,-0.218766740068,-0.0122439747418,0.0,435.2948586654989,435.7358534689355,435.0251349229505,436.69296540419003
2.4600000000000017,1.06197228664,-0.722801685411,16.7993042229,6.04881959867,6.18969959339,0.0,1.43681043158,-1.63251384661,4.87069254277,-0.252370361418,3.47780203429e-05,0.0,454.7112286228199,455.6940614506249,455.9713110486506,453.2268929712412
2.520000000000002,1.14985125944,-0.825042627742,17.0915994383,6.03393225472,6.19022345525,0.0,1.49242057966,-1.77678982405,4.87195199657,-0.240765242981,0.0220756129093,0.0,436.91033810974295,438.7443356872444,436.98527389442364,437.8888519360444
2.580000000000002,1.24075976797,-0.935428679508,17.3808929166,6.01967431443,6.19127027569,0.0,1.53777284174,-1.90386290814,4.77114220894,-0.232016269132,0.00605038872535,0.0,403.5578897033657,402.1084763480845,403.9808563335816,404.70658451771806
2.640000000000002,1.33480607741,-1.05489008385,17.6686338591,6.00577123006,6.19153328431,0.0,1.59700624786,-2.07938856853,4.81938949244,-0.231129400971,0.000821623672965,0.0,453.57906314492504,453.15880646692733,455.3758211947081,455.39474921982884
2.700000000000002,1.43250308555,-1.18547029855,17.960298414,5.99182660954,6.19181427293,0.0,1.65945619473,-2.27449935571,4.90168912427,-0.2350982568,0.0114629474515,0.0,467.05194660282353,467.8812075588453,466.7639864022561,466.403101973
2.760000000000002,1.53393319409,-1.32804067198,18.256805379,5.97750087831,6.19224314735,0.0,1.72139685276,-2.47906983319,4.98074730944,-0.247317754924,-0.0032983579945,0.0,469.2459020439502,468.0983330043349,468.46281348748903,467.4575061736569
2.820000000000002,1.63884803733,-1.48244659121,18.5556596624,5.96292776242,6.19254122257,0.0,1.77569907074,-2.66899538732,4.9802867137,-0.235250492705,0.0177938777892,0.0,444.60598298160863,446.3310035884813,444.2794852980544,445.208874587134
2.880000000000002,1.7470769769,-1.64875701594,18.8551391583,5.94913682397,6.1937950861,0.0,1.8317467125,-2.87582487949,5.00144383511,-0.220804006608,0.0264766496151,0.0,453.8878660621044,454.58427384301194,453.1497026673843,454.2581424945766
2.940000000000002,1.85837313919,-1.82676276348,19.1530173221,5.93588949995,6.1948236316,0.0,1.87797367214,-3.05875191481,4.92742578977,-0.220758262418,-0.018039922374,0.0,425.9364335044282,422.1113670713381,423.39082268186183,423.3438274488234
3.000000000000002,1.97303953047,-2.01831409759,19.4528338822,5.9227425682,6.19375803201,0.0,1.94422940038,-3.32733446707,5.06472368758,-0.216022791512,-0.0172059624913,0.0,493.621170995468,493.6828236511786,493.7180061130946,494.02507612572833
3.0600000000000023,2.09156289263,-2.22573111665,19.7593351021,5.90948784631,6.19293622326,0.0,2.00653068726,-3.58756290362,5.15046240835,-0.233099137083,-0.00746878335563,0.0,480.32782917046086,481.0659616627386,482.9019157022784,481.567276177733
3.1200000000000023,2.21360876912,-2.4481278572,20.0685406711,5.8956850236,6.19243299423,0.0,2.0616266941,-3.82671530914,5.15525887791,-0.224561446718,-0.0102902633873,0.0,458.2729933077516,458.0487407317224,458.9895869399922,459.61599148219847
3.1800000000000024,2.33902695737,-2.68538841418,20.3785480561,5.88238544723,6.19166598232,0.0,2.11894845751,-4.08295317869,5.17701790895,-0.216418684567,-0.0183053112488,0.0,467.0350837024983,466.4095144657096,466.6911248718702,467.28026969640064
3.2400000000000024,2.46774408829,-2.93763214251,20.688223162,5.86947248097,6.19047511558,0.0,2.17165244849,-4.32612012933,5.14446827078,-0.212917367338,-0.0231261173678,0.0,452.59823730438995,452.21002131788447,450.79607056642953,451.03396301531666
3.3000000000000025,2.59943280086,-3.20379592835,20.9937914609,5.85693617539,6.18870949532,0.0,2.21805658589,-4.54696445413,5.04053210235,-0.201988770335,-0.0466291592618,0.0,429.7628095840309,427.76511152266744,428.93291612610227,429.81550233418864
3.3600000000000025,2.73407461526,-3.48402832799,21.2943715962,5.844729192,6.18629705051,0.0,2.27016348594,-4.79499028151,4.97785296766,-0.20653893864,-0.029743132161,0.0,444.5932033497475,445.97402074237675,445.3845379071612,444.97156301275544
3.4200000000000026,2.8720686866,-3.78019540272,21.5928506561,5.83222818507,6.1845848165,0.0,2.32969720472,-5.07807401369,4.97004068796,-0.21223626921,-0.0262287312439,0.0,466.8685799653823,467.14258729759973,465.8018435193595,465.31536936592954
3.4800000000000026,3.01325948188,-4.09181507996,21.887081269,5.81917271759,6.18299396657,0.0,2.37674669833,-5.3102151671,4.83700194984,-0.231308417775,-0.0270911483831,0.0,425.2985302166951,425.2244529458568,426.62459732421314,424.942872354057
3.5400000000000027,3.15756715531,-4.41879783478,22.1756452659,5.80591299049,6.18130776693,0.0,2.43356028723,-5.59011503326,4.78049262804,-0.205816866395,-0.0302083349451,0.0,454.3890172428825,454.1387999620272,454.20715960312606,456.19962836454033
3.6000000000000028,3.30480288465,-4.76053886083,22.4563045884,5.79345892681,6.18009655024,0.0,2.4743939792,-5.80227098718,4.57454723171,-0.211314882433,-0.0053114254066,0.0,400.84908010885346,403.10581181885027,403.0271440215903,402.482417861431
3.660000000000003,3.45462117033,-5.11576517092,22.7255701242,5.78058498576,6.17962365013,0.0,2.51954432562,-6.03959864658,4.40038677537,-0.222006920312,-0.0135939126227,0.0,416.01956111194954,415.29359894315104,416.13184395656873,415.14539814884785
3.720000000000003,3.60761450547,-5.48759361574,22.9881682614,5.76752291237,6.17877561411,0.0,2.5801800564,-6.3554927701,4.351271983,-0.210255186037,-0.0152364244424,0.0,462.4722656145577,462.34296202169224,463.60436823235943,464.48225657071066
3.780000000000003,3.76423936695,-5.87855283683,23.2475240757,5.75503829762,6.17785645033,0.0,2.64059987925,-6.67722963357,4.29230001186,-0.204048663003,-0.0154858522908,0.0,463.4515948799282,463.43209695095084,463.5091369172072,463.9561315406093
3.840000000000003,3.92392824711,-6.28633189665,23.4985222669,5.74317416912,6.17689893669,0.0,2.68240737851,-6.91640947464,4.07379446262,-0.187429415378,-0.0169210908755,0.0,407.5079026181569,407.3796143292072,407.0329896684373,408.47570832146664
3.900000000000003,4.08627986322,-6.70936392832,23.7374689514,5.73192821364,6.17616196973,0.0,2.72932406584,-7.18555183174,3.8902667538,-0.18743893387,-0.00432792815042,0.0,422.1803110798151,423.26592665917667,423.16578269164347,423.1289011875156
3.960000000000003,4.25204056308,-7.15164091708,23.9699519146,5.72048168622,6.17604090605,0.0,2.795864618,-7.55755055374,3.85710663927,-0.198446421257,0.00224319075755,0.0,480.5758378456374,481.0738309009936,480.57020813255906,479.702281598104
4.020000000000002,4.42111128639,-7.61313472196,24.1949534631,5.70900405616,6.17592332707,0.0,2.83977690117,-7.8265380278,3.64213388847,-0.179881063131,-0.0120741373348,0.0,418.2227317828216,416.9734555513952,417.2944656520277,418.8739727465585
4.080000000000001,4.59281162137,-8.09096566336,24.4068995165,5.6981697368,6.17581479424,0.0,2.88354467812,-8.10209615138,3.42189482753,-0.181988721601,0.0133400487552,0.0,416.94020687164146,419.1554690647268,417.97488494649116,417.75729588095334
4.14,4.76778691081,-8.58892313043,24.6105710231,5.68697929819,6.17634848923,0.0,2.94869319954,-8.49695956727,3.3649291445,-0.197544786758,-0.00194170511739,0.0,482.8354726054641,481.68075856739136,482.23846082437746,481.03052862144693
4.199999999999998,4.94591241618,-9.10694042983,24.8048947811,5.67490626708,6.17611564345,0.0,2.98879293096,-8.7713080179,3.1116430154,-0.209799486099,-0.00807229584476,0.0,413.04801439177385,412.50687606071284,412.88095700289045,411.75456784257995
4.259999999999997,5.12648394088,-9.64186874895,24.9841782566,5.66205218178,6.17612527079,0.0,3.03021188318,-9.060636448,2.86335978517,-0.22501635198,0.0129455181236,0.0,416.9781485836422,418.8108893056473,417.433784047505,416.054255492151
4.319999999999996,5.30969047092,-10.19526343,25.1495858034,5.64915539744,6.17716666252,0.0,3.07649596254,-9.38674262813,2.64867223227,-0.20003695747,0.0249726373197,0.0,433.1609341412047,434.1714641341707,433.9867173139623,436.03159227657125
4.379999999999995,5.49610262914,-10.7710223127,25.3053458624,5.63720808564,6.17864119289,0.0,3.13688300403,-9.80568718952,2.54081438733,-0.197354634495,0.0237692742341,0.0,479.2892156964829,479.1977594073529,479.8189105554325,479.9869727972134
4.439999999999993,5.68572321698,-11.3700336687,25.4515116484,5.62483362167,6.18002341771,0.0,3.18355994978,-10.1621307977,2.32955083211,-0.237190921798,0.0215311149439,0.0,446.90074178496366,446.71824687575844,447.6398217230283,444.34133172760295
4.499999999999992,5.8781877497,-11.99113887,25.5853195122,5.61018494479,6.18114465453,0.0,3.23165848988,-10.5420710381,2.12840643712,-0.2640068993,0.012288100737,0.0,456.2615133385585,455.52265582168354,456.63360198912005,454.4294034261413
4.559999999999991,6.07371280507,-12.6365590228,25.7082982986,5.59524452907,6.18174102631,0.0,3.28555530804,-10.9723764527,1.96788618204,-0.229170304964,0.00477151121349,0.0,477.7254769118494,477.1516679944643,477.01188879494987,479.60677926622634
4.6199999999999894,6.27172802063,-13.3035693989,25.8158246419,5.5818363827,6.18194658442,0.0,3.31489731812,-11.2624520602,1.61503201908,-0.214003093281,0.000588942569725,0.0,406.10604075068585,405.73047008182624,405.4012160386517,406.70741578713717
4.679999999999988,6.47158042132,-13.9887702447,25.9025638519,5.5687365788,6.18160908189,0.0,3.34679185277,-11.5786266151,1.27468787167,-0.228786989794,-0.0224933076029,0.0,416.3003146097001,414.2748545550152,416.8613264624307,415.5158060145938
4.739999999999987,6.67329389073,-14.6928509372,25.9682018704,5.5553332291,6.17987209192,0.0,3.37702293762,-11.8917941027,0.911575463101,-0.21434903186,-0.0467720044898,0.0,411.66933513947663,409.5139887607021,409.8972518423088,411.1246605880041
4.799999999999986,6.87766776684,-15.4212753387,26.0176711618,5.54210551994,6.17736209924,0.0,3.43542409417,-12.3890428339,0.733714383545,-0.236895230859,-0.033439410505,0.0,494.02420299479655,495.005854810956,493.61872647154377,491.90794229188685
4.859999999999984,7.08534706012,-16.1783395865,26.0544067653,5.5274678811,6.17527381133,0.0,3.48715414456,-12.8466460438,0.487354598429,-0.264321421448,-0.0376851911387,0.0,475.8683205305813,475.5426511421244,478.41146942222457,476.26161810066145
4.919999999999983,7.29647309082,-16.9651492796,26.0780201811,5.51132229348,6.17280924153,0.0,3.55025585972,-13.3800055199,0.295209512638,-0.280902009051,-0.0489051721065,0.0,508.57805921540796,507.7728192252256,508.0187283999461,506.7643054723518
4.979999999999982,7.51102096059,-17.7817339872,26.0869758246,5.49482770052,6.1697764477,0.0,3.60130929569,-13.8394783733,-0.000577499811078,-0.265045782535,-0.0540485883584,0.0,478.4533925987336,478.06005160679877,478.1735970902392,479.30970549123793
5.0399999999999805,7.72790413904,-18.6213963742,26.0729609523,5.47861871877,6.1670909483,0.0,3.62820788406,-14.1502386618,-0.468823265068,-0.283022645381,-0.030718596184,0.0,410.27856390892424,412.34433292927605,413.1269301805095,411.45728548563335
